3.496750 -0.519332
2.540977 -0.234166
3.093071 0.622826
2.003709 -1.098179
2.597440 0.618237
1.355699 -1.657259
3.478841 -0.127408
4.562190 0.348811
3.178939 -0.113606
3.843159 -0.011916
1.254416 -2.058677
2.278910 -0.485106
4.699972 0.867079
4.085075 0.550134
2.766571 0.201574
3.406972 -0.120156
4.765264 -0.112940
0.355096 -0.986172
3.617215 -0.231425
0.301613 -0.186104
2.492249 0.367147
1.829992 -1.156630
5.246203 -1.220403
0.090057 -0.278777
4.607702 0.505946
5.825070 -0.577721
5.940496 -0.442653
4.733170 0.605350
2.631951 0.520160
2.989868 0.218895
1.283780 -1.445639
3.860954 0.203320
1.920214 -1.475315
5.760592 0.013054
4.359791 0.916829
2.471719 0.764328
4.467395 1.160621
1.607684 -1.917009
2.639546 0.123566
5.600281 -0.712770
4.099994 0.474250
1.275359 -1.974479
5.035429 -0.321698
3.772708 0.478863
0.802636 -1.370489
1.242796 -1.970693
3.643194 -0.193646
3.779327 0.242969
2.222861 -0.593148
3.450887 -0.521202
2.708549 0.514270
0.263372 -0.445518
0.163111 -0.100810
1.876110 -1.485751
0.077175 -0.157062
2.303804 -0.252211
4.098696 0.569537
0.557055 -0.353638
0.212030 -0.503362
3.674373 -0.538926
3.651242 0.008870
0.094559 -0.454874
0.098130 -0.175362
1.140448 -1.811251
3.521511 -0.009046
0.345487 -0.334142
2.205408 -0.458408
3.788707 -0.635389
4.305807 0.870417
4.156016 1.182297
0.504474 -0.382200
2.726131 0.046028
2.650970 0.471732
2.119503 -0.869716
0.921638 -1.651007
4.053868 0.112173
4.195280 0.823065
4.365055 0.722853
2.870306 0.523159
3.329052 -0.188341
0.726283 -1.194500
2.704524 0.646029
4.295298 1.065738
5.357050 -0.207930
1.638615 -2.152277
1.528616 -2.151361
5.193621 -0.411174
1.394102 -1.973466
4.829231 -0.352891
5.450385 -0.704690
1.391366 -1.349087
1.435875 -1.607057
0.298527 0.212852
0.470304 -0.458381
3.844892 0.704950
1.145319 -1.747368
5.063217 -0.888532
1.043402 -1.580389
1.024757 -1.103029
5.965773 -0.405775
