5.700776 -0.453678
1.386831 -1.746880
3.641055 0.115646
2.915895 0.170287
5.347794 -1.080994
4.572581 0.249396
2.738806 0.620814
0.111022 -0.389313
4.928443 -0.259712
2.668220 0.435310
3.692594 0.077746
4.751622 0.201593
5.530878 -0.958566
4.429244 1.247398
1.057597 -1.619200
2.434237 0.373083
5.612818 -0.381837
5.501427 -0.735354
2.461621 0.335558
5.361897 -1.077322
0.347348 -0.535136
2.117209 -0.779588
4.878999 0.102976
0.059168 0.367835
0.833345 -1.589868
1.216591 -1.419788
1.192330 -1.192289
3.622755 -0.464869
1.633128 -1.908900
1.192886 -1.404931
0.091644 -0.227905
4.480714 0.931912
2.670579 0.705638
5.590888 -0.474642
2.795966 0.917574
2.511897 0.605043
5.077329 -0.088946
3.150915 -0.267536
1.215884 -1.591415
4.032825 0.507374
5.028711 -0.891628
0.117837 -0.071763
4.087663 0.274454
2.276886 0.431533
4.990776 -0.610517
3.016877 0.421519
4.256828 0.814362
2.573354 0.232818
1.827704 -1.985477
1.137922 -1.556038
1.160587 -1.902336
4.093339 0.809108
1.816586 -1.249881
3.250043 0.528072
0.905238 -1.110187
4.187391 0.503646
2.270238 0.008025
5.160070 -1.017766
5.121931 -0.669714
3.561377 -0.097694
2.979315 0.404924
5.398615 -0.959478
4.929775 0.095328
3.869462 -0.387850
4.907846 -0.025901
3.961365 0.614096
2.051824 -0.513178
1.738355 -1.302482
2.047161 -0.704691
3.204474 0.323073
4.362679 0.951558
1.855741 -1.315217
5.030976 -0.574848
3.408435 -0.184578
2.222481 -0.703207
4.216439 0.641441
3.279427 0.065483
2.669281 0.679505
4.167403 1.137789
3.727861 -0.104451
4.768927 0.411391
5.741061 -0.149554
3.135542 0.531963
5.280853 -1.174047
1.037737 -1.380413
5.878481 0.063740
1.628684 -1.973207
1.513976 -1.996774
5.254451 -0.502281
4.423836 0.772898
0.819112 -1.011783
0.070540 -0.048264
5.363388 -1.079336
1.194828 -1.811137
1.792338 -1.314204
3.968656 0.061842
1.706452 -1.340977
2.815346 0.790692
0.388687 -0.802455
5.930010 0.020311
